10022800
10022802
10022803
10022808
10022813
10022817
10022826
10022827
10022833
10022834
10022835
10022836
10022837
10022838
10022840
10022841
10022842
10022843
10022844
10022846
10022848
10022849
10022851
10022852
10022854
10022855
10022856
10022857
10022858
10022861
10022862
10022864
10022865
10022891
10022892
10022893
10022899
10022901
10022906
10022908
10022911
10022913
10022921
10022923
10022926
10022928
10022932
10022933
10022934
10022941
10022943
10022944
10022948
10022949
10022958
10022959
10022961
10022964
10022966
10022968
10022970
10022977
10022978
10024393
10029177
10126660
10126661
10126662
10126663
10126664
10126665
10126666
10126667
10126669
10126670
10126671
10126672
10126673
10126675
10126676
10126677
10126678
10126679
10126680
10126681
10126682
10126683
10126684
10126685
10126686
10126687
10126688
10126689
10126690
10126691
10126692
10126694
10126697
10126699
10126700
10126701
10126702
10126703
10126704
10126706
10126707
10126708
10126709
10126710
10126711
10126712
10126713
10126715
10126718
10126719
10126720
10126721
10126722
10126724
10126725
10126726
10126728
10126730
10126731
10126732
10126734
10126735
10126736
10126737
10126738
10126739
10126740
10126741
10126742
10126743
10126744
10126745
10126746
10126747
10126748
10126750
10126751
10126752
10126755
10126756
10126757
10126758
10126759
10126761
10126764
10126765
10126766
10126767
10126768
10126769
10126770
10126771
10126773
10126774
10126776
10126777
10126778
10126779
10126780
10126781
10126782
10126783
10126784
10126785
10126786
10126787
10126788
10126789
10126790
10126793
10126794
10126796
10126797
10126798
10126799
10126800
10126802
10126803
10126805
10126806
10126807
10126808
10126810
10126811
10126812
10126813
10126814
10126816
10126818
10126819
10126820
10126821
10126822
10126823
10126826
10126827
10126828
10126829
10126830
10126831
10126835
10126836
10126837
10126838
10126840
10126841
10126842
10126843
10127252
10127255
10127261
10127264
10127265
10127268
10127274
10127277
10127278
10127283
10127287
10127288
10127291
10127293
10127294
10127296
10127298
10127299
10127300
10127302
10127312
10127321
10127323
10127330
10127331
10127332
10127340
10127347
10127350
10127352
10127353
10127354
10127355
10127356
10127357
10127359
10127361
10127364
10127366
10127367
10127368
10127370
10127373
10127374
10127376
10127378
10127384
10127385
10127386
10127387
10127389
10127390
10127391
10127395
10127396
10127398
10127399
10127402
10127404
10127408
10127409
10127412
10127414
10127417
10127418
10127419
10127421
10127422
10127426
10127427
10127430
10127431
10127434
10127436
10127438
10127439
10127440
10127441
10127443
10127445
10127446
10127448
10127450
10127452
10127453
10127454
10127458
10127459
10127463
10127465
10127469
10129112
10201480
10201600
10201718
10201765
10201771
10201871
10202008
10202010
10202016
10202042
10202043
10202226
10202244
10202292
10202366
10202437
10202630
10202755
10202761
10203344
10203476
10203477
10203508
10203567
11063730
11063742
11367785
11367830
11367854
11367858
11367859
11367863
11367891
11367892
11368066
11368447
11368463
11368476
11368677
11368678
11910061
11913039
11961203
12099129
12181755
12527743
12661872
12661873
12661874
12661875
12661876
12661877
12661879
12661881
12685522
12712636
12756085
12773499
12823251
12844843
12858623
13016114
13016117
13016118
13016119
13016120
13016121
13016132
13034047
13040730
13040776
13040789
13040794
13040795
13040798
13048183
13048185
13048189
13059438
13059441
13063143
13072442
13078358
13089144
13089273
13089334
13089383
13089423
13089436
13094925
13094941
13094944
13094945
13095114
13095116
13095395
13095433
13100839
13100884
13101280
13101481
13101796
13101797
13101802
13101803
13101804
13106874
13106883
13107139
13107242
13107257
13107270
13107277
13111128
13111197
13111442
13111474
13111499
13111510
13111541
13113706
13118978
13118981
13118982
13119053
13119058
13119239
13121164
13122283
