10022835
10022834
10022854
10022855
10022840
13111197
10022837
10022836
10022857
10022838
10022862
10022851
10022849
10022858
10022856
12527743
10022861
10022841
10022848
10022833
10024393
11910061
12823251
12099129
10022864
10022846
10126800
10022844
10022852
10022843
11796828
10022865
12685522
10022842
10023597
10022853
10023475
10022860
10022859
10022808
10024795
10022812
10022817
13134544
13134545
13134546
10022866
10022879
10022800
13146545
13161751
13161748
10023692
13161750
13134543
10022874
10022880
13154567
13161749
12773499
13154566
10022876
13134547
13146455
13146546
10023348
13134549
10022869
10022810
10022814
10022868
13134542
12833499
10022878
10022877
10022867
10022873
13134559
10022871
10023360
10026904
13016420
13134550
10023689
10022872
10023383
10022875
11618626
10022803
10022802
13134552
13134548
13134551
11789485
13146506
13135741
13154550
10023336
