10022628
10022633
10022635
10022637
10022639
10022640
10022641
10022642
10022644
10022645
10022646
10022647
10022648
10022649
10022651
10022652
10022653
10022654
10022655
10022656
10022660
10022661
10022663
10022665
10022669
10022675
10022676
10022681
10022684
10022689
10022690
10022691
10022693
10022696
10022697
10022698
10022700
10022702
10022705
10022711
10022712
10022713
10022715
10022716
10022717
10022718
10022719
10022720
10022721
10022723
10022724
10022726
10022732
10022734
10022735
10022737
10022743
10022745
10022746
10022747
10022749
10022750
10022754
10022755
10022756
10022761
10022762
10022764
10022766
10022767
10022774
10022783
10022784
10022799
10022800
10022802
10022803
10022804
10022807
10022808
10022810
10022812
10022813
10022814
10022817
10022818
10022819
10022820
10022822
10022823
10022826
10022827
10022830
10022831
10022833
10022834
10022835
10022836
10022837
10022838
10022840
10022841
10022842
10022843
10022844
10022846
10022848
10022849
10022851
10022852
10022853
10022854
10022855
10022856
10022857
10022858
10022859
10022860
10022861
10022862
10022864
10022865
10022866
10022867
10022868
10022869
10022871
10022872
10022873
10022874
10022875
10022876
10022877
10022878
10022879
10022880
10022883
10022891
10022892
10022893
10022899
10022901
10022906
10022908
10022911
10022913
10022916
10022917
10022921
10022923
10022926
10022927
10022928
10022932
10022933
10022934
10022936
10022941
10022943
10022944
10022948
10022949
10022958
10022959
10022961
10022964
10022966
10022968
10022970
10022977
10022978
10023336
10023348
10023360
10023383
10023475
10023597
10023689
10023692
10024210
10024340
10024342
10024343
10024344
10024345
10024348
10024353
10024357
10024358
10024359
10024360
10024361
10024366
10024369
10024373
10024375
10024377
10024378
10024380
10024389
10024392
10024393
10024394
10024396
10024397
10024402
10024465
10024478
10024630
10024741
10024757
10024758
10024760
10024763
10024764
10024766
10024768
10024769
10024774
10024775
10024776
10024781
10024785
10024790
10024793
10024795
10024866
10024960
10024963
10024964
10024968
10024975
10024997
10025001
10025282
10025283
10025286
10025287
10025290
10025291
10025293
10025297
10025303
10025304
10025307
10025309
10025310
10025313
10025315
10025321
10025328
10025396
10025495
10025510
10025545
10025597
10025648
10025651
10026233
10026679
10026680
10026682
10026686
10026691
10026694
10026699
10026841
10026852
10026858
10026866
10026868
10026879
10026889
10026892
10026893
10026894
10026895
10026901
10026904
10026909
10026913
10026917
10026918
10026932
10026942
10027088
10027090
10027092
10027095
10027096
10027098
10027125
10027338
10027339
10027340
10027341
10027431
10027645
10027664
10027880
10027902
10027947
10027953
10027964
10027967
10028027
10028032
10032204
10032242
10032246
10032265
10032274
10032325
10034989
10034993
10034995
10035003
10035011
10035013
10035015
10035027
10045321
10045624
10047869
10050905
10050907
10051349
10051363
10051364
10051365
10051366
10051633
10051636
10051655
10051667
10051671
10052041
10056365
10056526
10057055
10058176
10126800
10202292
10202437
10202630
10202755
10202761
10203136
10203148
10203175
10203196
10203344
10203476
10203477
10203508
10203567
11063730
11063742
11139134
11234377
11234386
11294444
11294753
11308093
11315859
11359285
11367854
11367859
11367868
11367891
11367892
11368447
11618626
11789485
11796828
11910061
11913039
11956908
11961203
12014028
12081786
12099129
12141455
12141479
12181748
12181755
12186604
12210318
12238833
12238838
12260979
12272200
12425921
12510447
12527743
12567320
12580197
12582938
12587403
12592584
12592590
12592594
12592597
12592604
12592611
12614672
12621362
12638502
12647508
12653049
12658605
12661876
12661881
12685522
12712636
12721668
12756085
12773499
12815396
12820963
12821980
12823251
12833499
12843157
12844252
12858623
12888163
12986516
12986533
12997620
13016116
13016117
13016121
13016397
13016418
13016419
13016420
13032069
13032100
13032105
13034047
13040789
13040794
13040798
13048170
13048171
13048174
13048175
13048176
13048177
13048178
13048179
13048180
13048182
13048183
13048184
13048185
13048187
13048189
13059409
13059411
13059421
13059435
13059437
13059438
13059441
13059452
13063143
13072442
13078358
13089334
13089423
13091369
13091506
13095395
13095433
13101279
13101280
13101796
13101802
13102449
13107242
13107257
13111197
13111442
13113706
13118978
13119058
13122283
13134542
13134543
13134544
13134545
13134546
13134547
13134548
13134549
13134550
13134551
13134552
13134559
13135741
13145830
13146455
13146506
13146545
13146546
13154550
13154566
13154567
13161748
13161749
13161750
13161751
